     11.13     211.25
     63.13     158.29
     74.89     206.09
    387.18     374.00
    224.26     323.71
    236.11     437.36
    430.78     199.77
    227.18     164.27
     85.81     182.34
    311.43     361.86
     78.89     419.38
    222.51     314.75
    398.15      51.78
    413.10     174.69
     93.13     366.65
      4.72     434.02
     70.91       4.07
    442.26     152.78
    495.85     411.26
     38.69     314.92
    218.60     183.52
    176.68     118.13
    149.71     151.59
    413.71     434.08
     92.21     301.99
    359.86     392.32
    150.59     446.05
    259.87     430.24
    173.80      51.99
    456.15     368.47
    190.38     106.11
    113.02     312.38
    290.60     479.83
    361.31     372.58
    119.05     124.20
    218.28     302.16
    145.57     235.44
    157.60     351.44
    142.69     437.14
    218.59     136.13
    137.89       4.71
    304.23     229.79
    328.53     122.12
     21.89     105.06
    319.10     398.65
    480.89     192.23
    353.54      64.57
    417.20     434.91
    106.75     400.65
    387.53     285.57
    412.78     300.59
    154.78     209.50
    472.22     175.24
    366.99     350.98
    272.05      90.65
    406.99     445.46
    287.91      58.56
      9.85     200.01
    204.45     182.37
    186.50      25.94
      4.70     119.15
    404.54     478.28
    154.94     474.31
    490.66     186.85
    481.07     304.45
    377.89     467.34
    334.59     448.18
    243.24     455.58
    252.05     344.76
    318.76      82.96
    128.57      57.37
    338.41     469.87
     26.60      96.78
     72.65     495.39
     71.80     143.60
    398.25     237.83
     16.87     157.58
     87.74     377.39
    374.43     448.02
     39.65      23.54
    430.73     407.81
    215.67     323.02
     91.42      25.27
    125.44     104.80
     29.16     244.43
     61.30     170.78
    458.41     438.41
    109.00     420.81
    384.68      18.37
     37.40      25.53
     94.53     495.25
    223.21      57.20
    479.43      56.34
    404.98     480.18
    149.49     411.37
    405.84     458.77
     59.57      46.26
    222.11     104.61
    232.96     297.30
    151.81     141.95
     72.92      68.73
    202.07     454.01
    163.21      62.05
    429.98     311.59
     15.91     444.23
     31.39     498.93
    434.31     352.87
    189.26      94.06
    150.97     405.84
    419.43      96.25
    105.68     350.33
    329.78     160.99
    152.15     365.62
    175.99     469.77
    306.79     369.42
    333.17      22.89
    498.41     150.86
    499.53     127.96
    121.69     376.10
     70.68     203.11
    138.43      89.80
    181.58     369.16
    345.49     149.15
    175.10      41.71
    364.58      87.59
    378.60     384.00
     49.57     101.17
    197.41     299.26
    145.19     324.92
    105.55     147.40
    131.94     422.92
    480.11     447.32
    174.33     470.61
    109.19     106.38
    141.17     418.38
    252.19     154.55
    321.24      64.54
    397.37     353.90
    222.19     437.60
     30.68     450.16
     52.56     102.98
    276.74     321.09
    395.58     267.52
     16.95      88.70
    102.64     486.01
    269.50      26.27
    451.75     459.34
    245.44     141.93
    130.53      64.86
    434.05      39.47
    407.12     166.57
    403.27      84.31
    399.66     111.56
    189.99     428.14
    118.97     391.43
    168.33      94.99
    257.31      40.98
    460.82     211.10
     32.09     402.93
    333.69     268.08
    107.81     422.16
    125.55     414.82
    211.60     462.87
    264.96     335.16
    161.72     402.95
    103.90     339.57
    185.00     127.20
    362.82     403.27
     35.82     314.28
    455.49     175.69
    386.76     159.91
    444.34     376.69
    116.16     423.81
    471.38      57.10
    289.49     250.47
    496.86     390.30
     22.11     170.89
    393.05     397.57
    230.58     178.09
    405.60     436.05
    254.34     474.65
    238.40     150.29
    411.22     370.23
     59.73     156.67
    109.95     472.10
    232.80      43.04
    235.03     219.50
    468.56     480.26
     67.11     274.73
    417.52     325.33
     50.97     175.08
     62.02     425.92
    226.16     485.95
    207.73      59.02
    276.77     384.91
     35.78      66.96
    392.52      49.67
    336.49     105.00
    374.36     247.97
    419.93     439.69
    335.34     117.10
    191.66     239.03
    313.69     498.21
    315.94     415.67
     93.83     225.10
     38.90     313.89
    343.07     177.36
    225.51     496.13
    109.19      76.72
    179.32     196.62
    482.01     110.74
    414.71     393.46
    440.87     254.04
    443.19     370.28
    331.91     219.79
    383.02     492.39
    412.87     249.02
     78.63      30.20
    446.13      93.35
     29.13     369.06
    202.45     397.80
    145.04     212.30
    294.83     307.54
    146.07     107.77
    104.47     485.00
    139.87     298.05
    323.62     179.84
    111.77     245.01
    297.12      82.28
     76.42     140.56
     13.41     285.54
    432.24     458.06
     55.76      95.77
    457.12     208.54
    391.97     204.47
    125.03     162.79
    481.09      15.38
    486.25     244.91
    106.51     463.22
    186.15     106.49
     67.13     213.72
    373.84      16.40
    306.88     343.42
    161.83     371.03
    450.15     408.48
    114.40     117.18
    104.13     155.65
    370.03     197.87
    148.98     313.62
    335.23     317.99
     17.25     172.20
    404.08     259.38
    162.61     461.91
    103.94      56.01
    279.54      96.18
    450.46     219.85
    317.23     240.22
     19.92     176.38
     29.49     333.59
     46.97     125.52
     72.54     100.22
     88.42     257.10
     85.27      30.30
    105.38     283.24
     46.82     193.41
    176.64     435.24
    153.70     451.19
    460.84      15.40
    474.16      22.51
      9.16     460.55
    199.06     207.90
     46.34      67.72
    137.19     162.64
     26.78     144.56
     56.25     388.87
    427.82     241.17
     40.48     474.12
    433.65     199.46
    440.41     486.67
    417.69     142.94
    302.35     396.02
     56.55      57.37
    308.47     273.83
    101.56     315.25
    347.63     208.24
    208.09     247.67
    343.49     310.62
    142.50     260.82
    439.70     464.47
    341.34      17.79
    304.51     425.84
    389.47     432.70
    190.97      26.82
    269.82     459.98
     37.27     326.00
    467.93     252.94
    250.82     442.17
    231.12     169.40
    108.47     443.37
     19.71     121.37
    356.82       5.52
     51.52     450.95
    480.92     142.20
    212.86     278.71
    143.14      41.50
    328.92     156.10
    472.04     176.54
    269.35     404.69
     98.92     224.66
     39.72     161.06
    235.32     102.56
    122.13     228.37
    262.95     316.43
    278.17      40.02
    285.11     218.69
    321.81     123.23
    350.13     470.75
    465.72      20.05
    446.98     421.26
     37.69     344.17
    322.49      48.62
    462.31     299.21
    286.38     193.64
    148.79     100.55
    199.77     191.49
    391.22      24.73
    416.93     405.10
    480.79     494.85
     23.80     346.11
     85.71     499.37
    324.88      16.40
    247.63     105.13
     17.27     460.37
    158.47      68.70
    198.53     313.43
     17.51      12.81
    187.15     476.71
    164.55     289.13
    100.29     358.71
    410.76     104.73
    377.94     223.82
    427.98     494.95
    169.32     293.96
    142.52     221.41
    282.42     204.46
    393.74      82.97
    297.64     372.70
    285.82     224.12
    434.04     418.06
    456.39     328.09
    275.05     260.48
    113.28     286.44
    105.05     252.20
    292.27     199.18
    199.59      85.17
    375.16     234.30
    468.53     430.05
    486.21      31.23
    220.14     175.21
    274.43     338.22
    289.88     293.18
     36.97     252.01
     77.27     440.45
    182.43     215.13
    102.04     444.29
    448.01     391.58
     55.97     146.27
    402.27     165.19
    101.11     139.13
    326.74     357.26
    454.05     339.76
    274.62     492.95
    378.70      48.66
    224.07     142.25
     12.97     312.86
    467.32      54.51
    494.10     264.31
    415.81     478.07
    150.17     288.72
    194.56     213.96
    423.49     112.07
    381.37     111.06
    158.66     243.90
     35.69     176.95
    266.17     279.84
    156.90       7.61
    345.88     158.96
    333.42     213.77
    165.56     382.68
    345.57     390.06
     38.15     161.80
    227.71      75.90
    391.00     335.28
    168.19     233.08
    306.38     413.40
    217.24     334.95
     45.51      44.02
    348.54      43.57
    260.34     345.76
    205.69     171.12
    305.38      89.45
    216.87      67.33
    119.15     401.12
    299.86     321.17
    356.81     372.82
    173.32     352.65
    123.18       8.28
    106.32     169.76
    185.42     364.33
    296.51     308.84
     72.60      21.25
    206.69     498.95
    246.10     271.15
    320.78     259.17
    100.36      28.69
    437.41     244.33
    398.85     482.11
    265.61     339.56
    432.36       2.53
     65.76     103.88
     19.47     127.20
    335.97     361.18
    207.80     388.26
    473.96     204.27
    177.97     433.00
    231.41      57.19
    300.08     475.89
    303.71     350.99
    452.96     343.73
    374.39     347.17
      5.03     198.72
    401.36     405.21
    438.08      33.78
    322.58      87.37
    159.87     263.13
    371.94     443.65
    126.43     311.69
    121.49     497.31
     99.66     221.75
    394.20     437.70
    138.61      32.70
    179.94     148.54
    332.71     204.17
    481.16     205.01
    173.84     204.75
    257.08     180.63
    351.54     267.92
    360.71     179.63
     32.35     268.67
     23.90     446.18
    442.74     223.00
     93.85      10.53
    200.54     222.52
    477.63     209.24
    169.91     269.31
    299.98     451.15
    375.32     476.20
    437.28      74.85
     25.16     315.44
     40.01     125.26
    142.90      12.91
    410.53     237.61
    395.91     281.81
    461.79      31.74
    479.89     388.78
    284.60      97.96
    385.21      57.36
    144.12     103.89
    173.08     275.10
     30.29     463.85
    307.45     467.29
    452.65     150.51
    139.42     218.79
      2.78     303.60
      8.48     428.30
    360.90     451.64
    211.34     195.05
    439.49     343.74
    124.02     134.18
    260.84     231.17
      5.25     465.21
    375.76     463.97
    453.71      99.02
    405.32     182.39
    142.87      74.15
    204.29      83.62
    211.17     296.41
    103.61     425.71
    104.32     326.90
     18.48     467.46
    362.21     468.23
    292.74     494.02
     15.09     138.26
    249.85     178.57
     72.53     441.93
     43.65     117.73
    329.50     486.66
    107.89     109.52
    178.64     189.53
    210.39      94.39
    209.48     159.94
    311.94     459.70
    293.00       8.01
    496.79     347.61
    451.99     482.12
    469.33     498.84
    323.74     247.40
    288.34     294.20
    252.50     405.66
    408.88     362.03
      6.66     340.21
    358.96     145.55
    287.25     419.82
    170.75     447.48
    336.73     137.37
    155.03      13.61
    172.32     492.12
    446.06     331.00
    396.57     371.82
    360.74     253.12
    341.81     394.88
    355.18     305.42
    297.36     199.04
    329.73     398.60
    155.32     436.03
    404.36     495.36
    118.31     263.54
    272.25     472.91
    333.49     354.28
     46.05     107.53
    103.74     145.17
    398.53      43.67
    403.81     199.64
     39.43     266.31
    145.72     191.68
    489.61       3.96
    245.34     488.34
     67.97     370.62
     51.16     385.45
     54.59     358.34
    198.86     265.04
    215.93      87.95
    390.37     137.20
    276.67     199.51
    350.06     298.24
    465.53     257.52
    139.52     493.68
    252.16     110.69
     13.07      16.19
    229.02     175.61
      9.07     466.31
    372.14     283.80
    104.21     113.75
    229.91     356.50
    493.82     195.20
     53.87     289.24
    434.61       7.50
    496.27      27.54
     44.99     187.96
    196.23     387.71
    331.29     302.41
    468.50     386.43
    189.87      28.61
     40.67     245.06
    238.67     302.11
    338.19     344.28
     96.72     458.61
    370.93     321.08
    334.84     272.74
    294.04     117.53
     18.61     106.27
    321.23     379.70
    439.84     355.28
    428.32     193.96
    100.98     400.72
    433.30     376.27
    441.75     120.95
    261.90     214.21
     11.01     283.54
    172.26      25.50
     17.74     347.19
    341.31      27.42
    461.30     253.28
    458.36      67.11
    396.91     180.84
    394.68      42.26
     27.39     420.38
     34.40     273.90
    307.81      72.60
     15.09     160.53
    316.06     452.81
    351.86     125.05
     47.94     118.28
    204.35      97.04
    393.44      42.29
    189.99     418.30
     52.85     439.47
    122.77     474.44
    321.01     146.62
    394.45      99.94
    480.06     232.41
     71.84     174.80
    458.76     426.82
    377.78      90.35
    491.23     400.92
    376.08     259.50
    111.42     320.35
    426.21      55.30
    436.15      22.05
    290.50     205.07
    281.46      35.63
    181.84     328.02
    462.43     355.55
     50.61     171.53
    147.77     240.03
    232.51     169.94
    319.61     391.00
    385.67     348.31
    255.01     231.75
    450.01     102.71
    261.03     476.93
    269.93     246.78
    184.81     402.97
     24.13     420.74
    121.61     494.38
     97.08      32.76
    149.60     155.09
    452.60     405.55
     90.19     212.10
    418.53     428.16
    456.94     132.74
    437.96      11.13
    354.92     368.02
    198.48     438.67
    493.79      76.25
    323.90     437.78
      4.36     352.11
    359.33     403.27
     95.45      66.14
      5.51     288.51
     53.55     338.98
    189.77     283.73
    327.33     335.10
    140.20     485.82
    406.05     485.22
    379.91      71.14
    346.88     120.01
    398.37     242.78
    129.94     140.32
    493.80     254.42
    277.19     431.97
    458.44      35.32
    426.22     237.88
    340.08     188.00
    342.58     431.82
    279.59     494.36
    165.21     431.73
    338.00      63.23
    266.37     154.16
    190.68     148.52
     54.44     266.76
    303.66      72.54
      3.85     307.19
    141.82     288.86
     35.71     483.55
    107.00      95.71
    399.35     351.17
     98.72     374.98
    256.01     132.62
    425.61     434.47
     48.75     242.93
    193.22      27.24
    318.41     233.09
    479.69     483.83
    346.45     281.88
     79.36     307.83
    396.79     195.38
     22.00     338.24
    120.11      62.16
    186.20      43.86
     86.41     338.32
     55.74     236.63
    290.34     494.56
    134.52      31.40
    231.68     113.70
    335.51      98.16
    421.33     117.40
    374.16     412.55
    351.80     170.21
    356.22     413.23
    312.62     344.78
     67.29     320.88
    344.24     418.50
    320.21     158.49
    329.16     308.15
    421.90     216.79
    243.82     323.85
      3.89     490.53
     56.83     240.23
     46.02      91.47
    317.08     229.35
    381.07      76.96
    265.13     154.48
     89.96     347.24
     84.23     113.56
    499.24     169.52
    249.21     248.18
    368.41     240.54
    361.91       8.59
    374.26      77.23
    225.12     344.03
    358.82     226.99
    464.04     144.58
    474.04     456.64
     33.14      51.03
    268.00     245.10
    400.99     131.29
     34.28     229.18
    495.51      91.27
     10.12     207.98
    298.79     236.69
    308.50     285.31
     43.23     434.12
    179.74     406.64
    100.01     131.42
    121.36     303.04
    105.06     339.71
     15.33     191.83
     10.72     322.19
     40.18     420.76
     52.31     363.40
     67.08     326.09
    420.32      64.32
    295.70     141.06
     61.80     170.58
     49.13      77.97
    249.47     149.30
    134.41     135.04
    346.15     169.19
     75.49     393.01
    296.06     147.03
    382.27     349.76
    182.27      86.14
    233.41     445.04
    151.80     431.52
    315.46     272.20
     56.30     270.54
    124.69     398.54
    224.78      79.78
    312.06     363.92
    333.61     477.85
    307.73     347.05
    398.49     397.26
     98.12     134.20
    132.87      94.51
    243.41     290.80
    279.96     235.39
    362.34     265.59
     59.40     164.47
    465.33     437.42
      3.87     133.73
    126.57     160.37
    155.08     228.73
    326.08     192.27
    478.12     393.35
     72.30     471.20
    449.40     346.05
     25.00      55.20
    167.75     275.36
     27.13      27.59
    224.65     449.63
    124.20     186.90
    205.36      56.57
    374.71     105.89
    445.45      53.33
    113.96     154.40
    322.82     124.59
    255.47      15.34
    403.32     377.89
    428.80     288.54
     81.48     154.86
     26.30      14.75
    496.67     278.05
    403.79     364.90
    412.06     486.33
    108.70     410.01
    486.46     320.30
    143.28     467.64
    426.42      64.27
    390.23     333.73
     18.39     390.79
    274.88     340.62
    268.70     465.61
     34.67     388.10
    275.52     216.47
    311.99     165.44
    286.67      30.61
    358.93     174.72
    105.59     316.27
    450.41     326.43
    132.29     372.97
    230.58     127.19
    241.21     178.76
    246.44      76.37
    230.67     190.00
    191.96     328.78
    372.73     278.23
    462.48     199.45
    286.50     144.01
    378.69     421.69
    158.62     168.84
    218.90     295.05
     16.48      69.76
    182.59      51.98
    317.71     389.56
     39.72     223.47
     77.25     156.75
    430.71     124.68
    329.97     402.12
    218.61     438.36
    315.86     179.79
    204.33     225.45
    462.32     492.38
    278.56     117.45
    153.27     190.57
    310.27     203.71
    150.03     488.69
    376.46     250.16
    383.51     337.50
    136.30      43.68
     93.51     367.23
    290.11     215.74
    368.99     469.12
    442.42     409.72
     32.01       7.97
    455.96     141.35
    456.04     498.42
    271.21     351.03
    130.39     329.12
     29.11     473.40
    253.88     153.12
    275.18     391.88
    202.85     166.71
    302.32     468.31
    263.44     117.46
    364.36     350.36
    381.19      62.86
    137.98     425.15
    139.59      76.35
    410.70      26.74
    417.45     122.59
    484.67      32.40
      2.83      64.49
     52.50     149.31
    382.48     336.04
     33.06     198.32
    141.89     447.10
    425.18     221.65
    209.79     458.76
    331.95     353.04
     50.91     257.85
    198.68     296.71
    115.66       3.12
    451.58      64.47
    348.02     386.74
    369.50      99.44
    381.09     443.19
    420.75     393.77
    175.91     125.14
    125.08      98.42
    169.10     139.99
    388.06     159.58
    261.22     125.86
    271.44     281.19
    409.33     395.58
    266.76     191.14
    415.54     382.84
     43.43     420.22
    437.35     263.38
    229.10     113.55
    249.93     485.65
     45.84      65.12
    325.52     262.08
    229.19     153.95
    200.70     382.63
    405.20     229.45
      5.04     400.00
    390.17     292.15
    128.24     498.99
    478.84      96.57
    453.60     216.86
    314.21     206.54
    498.94     104.99
    240.81     374.27
    289.31      91.68
    377.01     465.30
    375.57     209.28
    380.00      17.46
    255.61     424.85
     38.42     312.96
    171.19     454.87
    132.19     153.59
    147.49     153.48
    224.15     422.96
    229.64     210.67
    221.15     281.35
    217.83     184.31
     53.85     334.94
    440.96     174.88
    263.41     203.46
     80.22     276.49
    162.69     308.88
    286.43     469.79
    230.33     354.62
    401.39     316.75
    159.11     335.22
    109.80     483.68
    318.78     351.72
    260.06       8.50
    272.09     333.45
    244.94     200.06
     51.87     373.56
    192.42      67.68
    495.59      14.97
    168.78     225.19
    100.75      86.39
     55.83     389.26
    397.15     298.11
    331.08     170.90
    438.86     235.19
    455.56     415.62
    176.41      74.76
     19.00     236.97
     40.15     447.11
     55.73      98.12
    128.51      44.95
    124.67     199.71
    105.26     330.02
    368.63     451.22
     40.70     265.21
     16.95      33.84
    417.34     247.72
     80.27     180.30
    384.62      32.17
    144.02     496.96
    218.63     291.59
    147.15     386.86
    346.91      30.04
    166.60     335.64
    167.11     446.62
    285.94     240.39
    304.28      52.69
    242.85     347.97
     45.13     147.79
    103.53     494.21
    143.80     193.73
    149.43     286.65
    219.75     226.26
    214.97     475.80
    299.28     106.28
    453.08     445.66
     95.28     261.13
    211.50     390.96
    113.31     259.94
    102.41     162.76
     17.56     358.35
    335.81      55.41
    169.16     138.24
    401.33     361.80
    127.57      54.59
    296.57     274.97
    425.02     472.47
    410.22     496.09
    454.19     182.78
    180.87     398.42
    168.66     196.51
    125.57     394.97
    409.68     404.61
    217.66     445.04
     71.26       4.10
    466.65     183.65
    409.37     185.58
     66.04     241.00
    102.31      18.81
    441.17     300.41
     75.82     416.10
    380.41     422.42
     37.80     279.36
    121.63     317.44
    283.42     147.47
    252.43     251.55
    298.80     473.31
    216.19     109.51
     85.92     101.07
    472.11     404.36
     83.38     231.50
    199.31     396.70
     91.01      54.15
     23.44     177.14
    478.44     367.15
